# MSE Loss per epoch
79.072006
54.834962
38.379208
27.192849
19.575401
14.375663
10.814265
8.363555
6.666278
5.480531
4.642501
4.041240
3.601588
3.272614
3.019790
2.819695
2.656428
2.519181
2.400594
2.295645
2.200893
2.113973
2.033247
1.957570
1.886135
1.818362
1.753830
1.692220
1.633292
1.576853
1.522747
1.470842
1.421027
1.373200
1.327272
1.283159
1.240786
1.200080
1.160974
1.123402
1.087304
1.052621
1.019297
0.987279
0.956516
0.926957
0.898556
0.871267
0.845046
0.819853
0.795646
0.772387
0.750039
0.728565
0.707933
0.688108
0.669060
0.650758
0.633172
0.616275
0.600040
0.584440
0.569451
0.555049
0.541211
0.527915
0.515139
0.502864
0.491069
0.479736
0.468847
0.458385
0.448332
0.438672
0.429391
0.420473
0.411905
0.403672
0.395761
0.388160
0.380857
0.373840
0.367097
0.360619
0.354394
0.348413
0.342666
0.337144
0.331839
0.326741
0.321842
0.317136
0.312614
0.308269
0.304094
0.300082
0.296228
0.292524
0.288966
0.285547
0.282261
0.279105
0.276072
0.273157
0.270357
0.267667
0.265082
0.262598
0.260211
0.257918
0.255715
0.253597
0.251563
0.249609
0.247731
0.245926
0.244192
0.242526
0.240925
0.239387
0.237910
0.236490
0.235125
0.233814
0.232555
0.231345
0.230182
0.229064
0.227991
0.226959
0.225968
0.225016
0.224101
0.223221
0.222376
0.221565
0.220785
0.220035
0.219315
0.218623
0.217959
0.217320
0.216706
0.216117
0.215550
0.215005
0.214482
0.213980
0.213497
0.213033
0.212587
0.212159
0.211747
0.211351
0.210971
0.210606
0.210255
0.209918
0.209594
0.209283
0.208984
0.208697
0.208421
0.208155
0.207901
0.207656
0.207420
0.207194
0.206977
0.206768
0.206568
0.206375
0.206190
0.206012
0.205841
0.205677
0.205519
0.205367
0.205222
0.205082
0.204947
0.204818
0.204694
0.204574
0.204460
0.204349
0.204244
0.204142
0.204044
0.203950
0.203860
0.203773
0.203690
0.203610
0.203533
0.203459
0.203388
0.203320
0.203254
0.203191
0.203131
0.203073
0.203017
0.202963
0.202912
0.202862
0.202815
0.202769
0.202725
0.202683
0.202642
0.202603
0.202566
0.202530
0.202495
0.202462
0.202430
0.202399
0.202370
0.202341
0.202314
0.202288
0.202263
0.202239
0.202215
0.202193
0.202172
0.202151
0.202131
0.202112
0.202094
0.202077
0.202060
0.202044
0.202028
0.202013
0.201999
0.201985
0.201972
0.201959
0.201947
0.201935
0.201924
0.201913
0.201902
0.201892
0.201883
0.201873
0.201864
0.201856
0.201848
0.201840
0.201832
0.201825
0.201818
0.201811
0.201805
0.201799
0.201793
0.201787
0.201781
0.201776
0.201771
0.201766
0.201761
0.201757
0.201752
0.201748
0.201744
0.201740
0.201737
0.201733
0.201730
0.201727
0.201723
0.201720
0.201717
0.201715
0.201712
0.201709
0.201707
0.201705
0.201702
0.201700
0.201698
0.201696
0.201694
0.201692
0.201690
0.201689
0.201687
0.201685
0.201684
0.201682
0.201681
0.201680
0.201678
0.201677
0.201676
0.201675
0.201673
0.201672
0.201671
0.201670
0.201669
0.201669
0.201668
0.201667
0.201666
0.201665
0.201664
0.201664
0.201663
0.201662
0.201662
0.201661
0.201661
0.201660
0.201659
0.201659
0.201658
0.201658
0.201657
0.201657
0.201657
0.201656
0.201656
0.201655
0.201655
0.201655
0.201654
0.201654
0.201654
0.201653
0.201653
0.201653
0.201653
0.201652
0.201652
0.201652
0.201652
0.201651
0.201651
0.201651
0.201651
0.201651
0.201650
0.201650
0.201650
0.201650
0.201650
0.201650
0.201650
0.201649
0.201649
0.201649
0.201649
0.201649
0.201649
0.201649
0.201649
0.201649
0.201648
0.201648
0.201648
0.201648
0.201648
0.201648
0.201648
0.201648
0.201648
0.201648
0.201648
0.201648
0.201648
0.201648
0.201647
0.201647
0.201647
0.201647
0.201647
0.201647
0.201647
0.201647
0.201647
0.201647
0.201647
0.201647
0.201647
0.201647
0.201647
0.201647
0.201647
0.201647
0.201647
0.201647
0.201647
0.201647
0.201647
0.201647
0.201647
0.201647
0.201647
0.201647
0.201647
0.201647
0.201647
0.201647
0.201647
0.201646
0.201646
0.201646
0.201646
0.201646
0.201646
0.201646
0.201646
0.201646
0.201646
0.201646
0.201646
0.201646
0.201646
0.201646
0.201646
0.201646
0.201646
0.201646
0.201646
0.201646
0.201646
0.201646
0.201646
0.201646
0.201646
0.201646
0.201646
0.201646
0.201646
0.201646
0.201646
0.201646
0.201646
0.201646
0.201646
0.201646
0.201646
0.201646
0.201646
0.201646
0.201646
0.201646
0.201646
0.201646
0.201646
0.201646
0.201646
0.201646
0.201646
0.201646
0.201646
0.201646
0.201646
0.201646
0.201646
0.201646
0.201646
0.201646
0.201646
0.201646
0.201646
0.201646
0.201646
0.201646
0.201646
0.201646
0.201646
0.201646
0.201646
0.201646
0.201646
0.201646
0.201646
0.201646
0.201646
0.201646
0.201646
0.201646
0.201646
0.201646
0.201646
0.201646
0.201646
0.201646
0.201646
0.201646
0.201646
0.201646
0.201646
0.201646
0.201646
0.201646
0.201646
0.201646
0.201646
0.201646
0.201646
0.201646
0.201646
0.201646
0.201646
0.201646
0.201646
0.201646
0.201646
0.201646
0.201646
0.201646
0.201646
0.201646
0.201646
0.201646
0.201646
0.201646
0.201646
0.201646
0.201646
0.201646
0.201646
0.201646
0.201646
0.201646
0.201646
0.201646
0.201646
0.201646
0.201646
0.201646
0.201646
0.201646
0.201646
0.201646
0.201646
0.201646
0.201646
0.201646
0.201646
0.201646
0.201646
0.201646
0.201646
0.201646
0.201646
0.201646
0.201646
0.201646
0.201646
0.201646
0.201646
0.201646
0.201646
0.201646
0.201646
0.201646
0.201646
0.201646
0.201646
0.201646
0.201646
0.201646
0.201646
0.201646
0.201646
0.201646
0.201646
0.201646
0.201646
0.201646
0.201646
0.201646
0.201646
0.201646
0.201646
0.201646
0.201646
0.201646
0.201646
0.201646
0.201646
0.201646
0.201646
0.201646
0.201646
0.201646
0.201646
0.201646
0.201646
0.201646
0.201646
0.201646
0.201646
0.201646
0.201646
0.201646
0.201646
0.201646
0.201646
0.201646
0.201646
0.201646
0.201646
0.201646
0.201646
0.201646
0.201646
0.201646
0.201646
0.201646
0.201646
0.201646
0.201646
0.201646
0.201646
0.201646
0.201646
0.201646
0.201646
0.201646
0.201646
0.201646
0.201646
0.201646
0.201646
0.201646
0.201646
0.201646
0.201646
0.201646
0.201646
0.201646
0.201646
0.201646
0.201646
0.201646
0.201646
0.201646
0.201646
0.201646
0.201646
0.201646
0.201646
0.201646
0.201646
0.201646
0.201646
0.201646
0.201646
0.201646
0.201646
0.201646
0.201646
0.201646
0.201646
0.201646
0.201646
0.201646
0.201646
0.201646
0.201646
0.201646
0.201646
0.201646
0.201646
0.201646
0.201646
0.201646
0.201646
0.201646
0.201646
0.201646
0.201646
0.201646
0.201646
0.201646
0.201646
0.201646
0.201646
0.201646
0.201646
0.201646
0.201646
0.201646
0.201646
0.201646
0.201646
0.201646
0.201646
0.201646
0.201646
0.201646
0.201646
0.201646
0.201646
0.201646
0.201646
0.201646
0.201646
0.201646
0.201646
0.201646
0.201646
0.201646
0.201646
0.201646
0.201646
0.201646
0.201646
0.201646
0.201646
0.201646
0.201646
0.201646
0.201646
0.201646
0.201646
0.201646
0.201646
0.201646
0.201646
0.201646
0.201646
0.201646
0.201646
0.201646
0.201646
0.201646
0.201646
0.201646
0.201646
0.201646
0.201646
0.201646
0.201646
0.201646
0.201646
0.201646
0.201646
0.201646
0.201646
0.201646
0.201646
0.201646
0.201646
0.201646
0.201646
0.201646
0.201646
0.201646
0.201646
0.201646
0.201646
0.201646
0.201646
0.201646
0.201646
0.201646
0.201646
0.201646
0.201646
0.201646
0.201646
0.201646
0.201646
0.201646
0.201646
0.201646
0.201646
0.201646
0.201646
0.201646
0.201646
0.201646
0.201646
0.201646
0.201646
0.201646
0.201646
0.201646
0.201646
0.201646
0.201646
0.201646
0.201646
0.201646
0.201646
0.201646
0.201646
0.201646
0.201646
0.201646
0.201646
0.201646
0.201646
0.201646
0.201646
0.201646
0.201646
0.201646
0.201646
0.201646
0.201646
0.201646
0.201646
0.201646
0.201646
0.201646
0.201646
0.201646
0.201646
0.201646
0.201646
0.201646
0.201646
0.201646
0.201646
0.201646
0.201646
0.201646
0.201646
0.201646
0.201646
0.201646
0.201646
0.201646
0.201646
0.201646
0.201646
0.201646
0.201646
0.201646
0.201646
0.201646
0.201646
0.201646
0.201646
0.201646
0.201646
0.201646
0.201646
0.201646
0.201646
0.201646
0.201646
0.201646
0.201646
0.201646
0.201646
0.201646
0.201646
0.201646
0.201646
0.201646
0.201646
0.201646
0.201646
0.201646
0.201646
0.201646
0.201646
0.201646
0.201646
0.201646
0.201646
0.201646
0.201646
0.201646
0.201646
0.201646
0.201646
0.201646
0.201646
0.201646
0.201646
0.201646
0.201646
0.201646
0.201646
0.201646
0.201646
0.201646
0.201646
0.201646
0.201646
0.201646
0.201646
0.201646
0.201646
0.201646
0.201646
0.201646
0.201646
0.201646
0.201646
0.201646
0.201646
0.201646
0.201646
0.201646
0.201646
0.201646
0.201646
0.201646
0.201646
0.201646
0.201646
0.201646
0.201646
0.201646
0.201646
0.201646
0.201646
0.201646
0.201646
0.201646
0.201646
0.201646
0.201646
0.201646
0.201646
0.201646
0.201646
0.201646
0.201646
0.201646
0.201646
0.201646
0.201646
0.201646
0.201646
0.201646
0.201646
0.201646
0.201646
0.201646
0.201646
0.201646
0.201646
0.201646
0.201646
0.201646
0.201646
0.201646
0.201646
0.201646
0.201646
0.201646
0.201646
0.201646
0.201646
0.201646
0.201646
0.201646
0.201646
0.201646
0.201646
0.201646
0.201646
0.201646
0.201646
0.201646
0.201646
0.201646
0.201646
0.201646
0.201646
0.201646
0.201646
0.201646
0.201646
0.201646
0.201646
0.201646
0.201646
0.201646
0.201646
0.201646
0.201646
0.201646
0.201646
0.201646
0.201646
0.201646
0.201646
0.201646
0.201646
0.201646
0.201646
0.201646
0.201646
0.201646
0.201646
0.201646
0.201646
0.201646
0.201646
0.201646
0.201646
0.201646
0.201646
0.201646
0.201646
0.201646
0.201646
0.201646
0.201646
0.201646
0.201646
0.201646
0.201646
0.201646
0.201646
0.201646
0.201646
0.201646
0.201646
0.201646
0.201646
0.201646
0.201646
0.201646
0.201646
0.201646
0.201646
0.201646
0.201646
0.201646
0.201646
0.201646
0.201646
0.201646
0.201646
0.201646
0.201646
0.201646
0.201646
0.201646
0.201646
0.201646
0.201646
0.201646
0.201646
0.201646
0.201646
0.201646
0.201646
0.201646
0.201646
0.201646
0.201646
0.201646
0.201646
0.201646
0.201646
0.201646
0.201646
0.201646
0.201646
0.201646
0.201646
0.201646
0.201646
0.201646
0.201646
0.201646
0.201646
0.201646
0.201646
0.201646
0.201646
0.201646
0.201646
0.201646
0.201646
0.201646
0.201646
0.201646
0.201646
0.201646
0.201646
0.201646
0.201646
0.201646
0.201646
0.201646
0.201646
0.201646
0.201646
0.201646
0.201646
0.201646
0.201646
0.201646
0.201646
0.201646
0.201646
0.201646
0.201646
0.201646
0.201646
0.201646
0.201646
0.201646
0.201646
0.201646
0.201646
0.201646
0.201646
0.201646
0.201646
0.201646
0.201646
0.201646
0.201646
0.201646
0.201646
0.201646
0.201646
0.201646
0.201646
0.201646
0.201646
0.201646
0.201646
0.201646
0.201646
0.201646
0.201646
0.201646
0.201646
0.201646
0.201646
0.201646
0.201646
0.201646
0.201646
0.201646
0.201646
0.201646
0.201646
0.201646
0.201646
0.201646
0.201646
0.201646
0.201646
0.201646
0.201646
0.201646
0.201646
0.201646
0.201646
0.201646
0.201646
0.201646
0.201646
0.201646
0.201646
0.201646
0.201646
0.201646
0.201646
0.201646
0.201646
0.201646
0.201646
0.201646
0.201646
0.201646
0.201646
0.201646
0.201646
0.201646
0.201646
0.201646
0.201646
0.201646
0.201646
0.201646
0.201646
0.201646
0.201646
0.201646
0.201646
0.201646
0.201646
0.201646
0.201646
0.201646
0.201646
0.201646
0.201646
0.201646
0.201646
0.201646
0.201646
0.201646
0.201646
0.201646
0.201646
0.201646
0.201646
0.201646
0.201646
0.201646
0.201646
0.201646
0.201646
0.201646
0.201646
0.201646
0.201646
0.201646
0.201646
0.201646
0.201646
0.201646
0.201646
0.201646
0.201646
0.201646
0.201646
0.201646
0.201646
0.201646
0.201646
0.201646
0.201646
0.201646
0.201646
0.201646
0.201646
0.201646
0.201646
0.201646
0.201646
0.201646
0.201646
0.201646
0.201646
0.201646
0.201646
0.201646
0.201646
0.201646
0.201646
0.201646
0.201646
0.201646
0.201646
0.201646
0.201646
0.201646
0.201646
0.201646
0.201646
0.201646
0.201646
0.201646
0.201646
0.201646
0.201646
0.201646
0.201646
0.201646
0.201646
0.201646
0.201646
0.201646
0.201646
0.201646
0.201646
0.201646
0.201646
0.201646
0.201646
0.201646
0.201646
0.201646
0.201646
0.201646
0.201646
0.201646
0.201646
0.201646
0.201646
0.201646
0.201646
0.201646
0.201646
0.201646
0.201646
0.201646
0.201646
0.201646
0.201646
0.201646
0.201646
0.201646
0.201646
0.201646
0.201646
0.201646
0.201646
0.201646
0.201646
0.201646
0.201646
0.201646
0.201646
0.201646
0.201646
0.201646
0.201646
0.201646
0.201646
0.201646
0.201646
0.201646
0.201646
0.201646
0.201646
0.201646
0.201646
0.201646
0.201646
0.201646
0.201646
0.201646
0.201646
0.201646
0.201646
0.201646
0.201646
0.201646
0.201646
0.201646
0.201646
0.201646
0.201646
0.201646
0.201646
0.201646
0.201646
0.201646
0.201646
0.201646
0.201646
0.201646
0.201646
0.201646
0.201646
0.201646
0.201646
0.201646
0.201646
0.201646
0.201646
0.201646
0.201646
0.201646
0.201646
0.201646
0.201646
0.201646
0.201646
0.201646
0.201646
0.201646
0.201646
0.201646
0.201646
0.201646
0.201646
0.201646
0.201646
0.201646
0.201646
0.201646
0.201646
0.201646
0.201646
0.201646
0.201646
0.201646
0.201646
0.201646
0.201646
0.201646
0.201646
0.201646
0.201646
0.201646
0.201646
0.201646
0.201646
0.201646
0.201646
0.201646
0.201646
0.201646
0.201646
0.201646
0.201646
0.201646
0.201646
0.201646
0.201646
0.201646
0.201646
0.201646
0.201646
0.201646
0.201646
0.201646
0.201646
0.201646
0.201646
0.201646
0.201646
0.201646
0.201646
0.201646
0.201646
0.201646
0.201646
0.201646
0.201646
0.201646
0.201646
0.201646
0.201646
0.201646
0.201646
0.201646
0.201646
0.201646
0.201646
0.201646
0.201646
0.201646
0.201646
0.201646
0.201646
0.201646
0.201646
0.201646
0.201646
0.201646
0.201646
0.201646
0.201646
0.201646
0.201646
0.201646
0.201646
0.201646
0.201646
0.201646
0.201646
0.201646
0.201646
0.201646
0.201646
0.201646
0.201646
0.201646
0.201646
0.201646
0.201646
0.201646
0.201646
0.201646
0.201646
0.201646
0.201646
0.201646
0.201646
0.201646
0.201646
0.201646
0.201646
0.201646
0.201646
0.201646
0.201646
0.201646
0.201646
0.201646
0.201646
0.201646
0.201646
0.201646
0.201646
0.201646
0.201646
0.201646
0.201646
0.201646
0.201646
0.201646
0.201646
0.201646
0.201646
0.201646
0.201646
0.201646
0.201646
0.201646
0.201646
0.201646
0.201646
0.201646
0.201646
0.201646
0.201646
0.201646
0.201646
0.201646
0.201646
0.201646
0.201646
0.201646
0.201646
0.201646
0.201646
0.201646
0.201646
0.201646
0.201646
0.201646
0.201646
0.201646
0.201646
0.201646
0.201646
0.201646
0.201646
0.201646
0.201646
0.201646
0.201646
0.201646
0.201646
0.201646
0.201646
0.201646
0.201646
0.201646
0.201646
0.201646
0.201646
0.201646
0.201646
0.201646
0.201646
0.201646
0.201646
0.201646
0.201646
0.201646
0.201646
0.201646
0.201646
0.201646
0.201646
0.201646
0.201646
0.201646
0.201646
0.201646
0.201646
0.201646
0.201646
0.201646
0.201646
0.201646
0.201646
0.201646
0.201646
0.201646
0.201646
0.201646
0.201646
0.201646
0.201646
0.201646
0.201646
0.201646
0.201646
0.201646
0.201646
0.201646
0.201646
0.201646
0.201646
0.201646
0.201646
0.201646
0.201646
0.201646
0.201646
0.201646
0.201646
0.201646
0.201646
0.201646
0.201646
0.201646
0.201646
0.201646
0.201646
0.201646
0.201646
0.201646
0.201646
0.201646
0.201646
0.201646
0.201646
0.201646
0.201646
0.201646
0.201646
0.201646
0.201646
0.201646
0.201646
0.201646
0.201646
0.201646
0.201646
0.201646
0.201646
0.201646
0.201646
0.201646
0.201646
0.201646
0.201646
0.201646
0.201646
0.201646
0.201646
0.201646
0.201646
0.201646
0.201646
0.201646
0.201646
0.201646
0.201646
0.201646
0.201646
0.201646
0.201646
0.201646
0.201646
0.201646
0.201646
0.201646
0.201646
0.201646
0.201646
0.201646
0.201646
0.201646
0.201646
0.201646
0.201646
0.201646
0.201646
0.201646
0.201646
0.201646
0.201646
0.201646
0.201646
0.201646
0.201646
0.201646
0.201646
0.201646
0.201646
0.201646
0.201646
0.201646
0.201646
0.201646
0.201646
0.201646
0.201646
0.201646
0.201646
0.201646
0.201646
0.201646
0.201646
0.201646
0.201646
0.201646
0.201646
0.201646
0.201646
0.201646
0.201646
0.201646
0.201646
0.201646
0.201646
0.201646
0.201646
0.201646
0.201646
0.201646
0.201646
0.201646
0.201646
0.201646
0.201646
0.201646
0.201646
0.201646
0.201646
0.201646
0.201646
0.201646
0.201646
0.201646
0.201646
0.201646
0.201646
0.201646
0.201646
0.201646
0.201646
0.201646
0.201646
0.201646
0.201646
0.201646
0.201646
0.201646
0.201646
0.201646
0.201646
0.201646
0.201646
0.201646
0.201646
0.201646
0.201646
0.201646
0.201646
0.201646
0.201646
0.201646
0.201646
0.201646
0.201646
0.201646
0.201646
0.201646
0.201646
0.201646
0.201646
0.201646
0.201646
0.201646
0.201646
0.201646
0.201646
0.201646
0.201646
0.201646
0.201646
0.201646
0.201646
0.201646
0.201646
0.201646
0.201646
0.201646
0.201646
0.201646
0.201646
0.201646
0.201646
0.201646
0.201646
0.201646
0.201646
0.201646
0.201646
0.201646
0.201646
0.201646
0.201646
0.201646
0.201646
0.201646
0.201646
0.201646
0.201646
0.201646
0.201646
0.201646
0.201646
0.201646
0.201646
0.201646
0.201646
0.201646
0.201646
0.201646
0.201646
0.201646
0.201646
0.201646
0.201646
0.201646
0.201646
0.201646
0.201646
0.201646
0.201646
0.201646
0.201646
0.201646
0.201646
0.201646
0.201646
0.201646
0.201646
0.201646
0.201646
0.201646
0.201646
0.201646
0.201646
0.201646
0.201646
0.201646
0.201646
0.201646
0.201646
0.201646
0.201646
0.201646
0.201646
0.201646
0.201646
0.201646
0.201646
0.201646
0.201646
0.201646
0.201646
0.201646
0.201646
0.201646
0.201646
0.201646
0.201646
0.201646
0.201646
0.201646
0.201646
0.201646
0.201646
0.201646
0.201646
0.201646
0.201646
0.201646
0.201646
0.201646
0.201646
0.201646
0.201646
0.201646
0.201646
0.201646
0.201646
0.201646
0.201646
0.201646
0.201646
0.201646
0.201646
0.201646
0.201646
0.201646
0.201646
0.201646
0.201646
0.201646
0.201646
0.201646
0.201646
0.201646
0.201646
0.201646
0.201646
0.201646
0.201646
0.201646
0.201646
0.201646
0.201646
0.201646
0.201646
0.201646
0.201646
0.201646
0.201646
0.201646
0.201646
0.201646
0.201646
0.201646
0.201646
0.201646
0.201646
0.201646
0.201646
0.201646
0.201646
0.201646
0.201646
0.201646
0.201646
0.201646
0.201646
0.201646
0.201646
0.201646
0.201646
0.201646
0.201646
0.201646
0.201646
0.201646
0.201646
0.201646
0.201646
0.201646
0.201646
0.201646
0.201646
0.201646
0.201646
0.201646
0.201646
0.201646
0.201646
0.201646
0.201646
0.201646
0.201646
0.201646
0.201646
0.201646
0.201646
0.201646
0.201646
0.201646
0.201646
0.201646
0.201646
0.201646
0.201646
0.201646
0.201646
0.201646
0.201646
0.201646
0.201646
0.201646
0.201646
0.201646
0.201646
0.201646
0.201646
0.201646
0.201646
0.201646
0.201646
0.201646
0.201646
0.201646
